31140715895
31240715811
31340715848
31440715874
31540715809
31640715827
31740715853
31840715880
31940715806
32040715886
32140715802
32240715839
32340715865
32440715891
32640715844
32740715870
32940715823
33040715801
33140715820
33240715856
33340715882
33440715809
33540715835
33640715861
33740715898
33840715814
33940715840
34040715810
34140715847
34240715873
34340715808
34440715826
34540715852
34640715889
34740715805
34840715831
34940715868
35040715838
35140715864
35240715890
35340715817
35440715843
35540715870
35640715804
35940715885
36140715881
36240715808
36340715834
36440715860
36540715897
36640715813
36740715840
36840715876
36940715800
37040715872
37140715807
37340715851
37440715888
37540715804
37640715830
37740715867
37840715893
37940715810
38040715890
38140715816
38240715842
38340715879
38440715803
38540715821
38640715858
38740715884
38840715800
38940715837
39140715833
39240715860
39340715896
39440715812
39540715849
39640715875
39740715800
39840715828
39940715854
40040715850
40140715886
40240715802
40340715839
40440715865
40540715891
40740715844
40840715870
40940715805
41040715877
41140715801
41240715820
41340715856
41440715882
41540715809
41640715835
41740715861
41840715898
41940715814
42040715894
42140715810
42240715847
42340715873
42440715808
42540715826
42640715852
42740715889
42840715805
42940715831
43040715801
43140715838
43240715864
43340715890
43440715817
43540715843
43640715870
43740715804
43840715822
43940715859
44040715829
44140715855
44240715881
44340715808
44440715834
44540715860
44640715897
44740715813
44840715840
44940715876
45040715846
45140715872
45240715807
45340715825
45440715851
45540715888
45640715804
45740715830
45840715867
45940715893
46040715863
46140715890
46240715816
46340715842
46440715879
46540715803
46640715821
46740715858
46840715884
46940715800
47040715880
47140715807
47240715833
47340715860
47440715896
47540715812
47640715849
47740715875
47840715800
47940715828
48040715806
48140715824
48240715850
48340715887
48440715803
48540715830
48640715866
48740715892
48840715819
48940715845
49040715815
49140715841
49240715878
49340715802
49440715820
49540715857
49640715883
49740715800
49840715836
49940715862
50040715868
50140715894
50240715810
50340715847
50440715873
50540715808
50640715826
50740715852
50940715805
51040715885
51140715801
51240715838
51340715864
51440715890
51540715817
51640715843
51740715870
51840715804
51940715822
52040715800
52140715829
52340715881
52440715808
52540715834
52640715860
52740715897
52840715813
52940715840
53040715810
53140715846
53240715872
53340715807
53440715825
53540715851
53640715888
53740715804
53840715830
53940715867
54040715837
54140715863
54240715890
54340715816
54440715842
54540715879
54640715803
54740715821
54840715858
54940715884
55040715854
55140715880
55240715807
55340715833
55440715860
55540715896
55640715812
55740715849
55840715875
55940715800
56040715871
56140715806
56240715824
56340715850
56440715887
56540715803
56640715830
56740715866
56840715892
56940715819
57040715899
57140715815
57240715841
57340715878
57440715802
57540715820
57640715857
57740715883
57840715800
57940715836
58040715806
58140715832
58240715869
58340715895
58440715811
58540715848
58640715874
58740715809
58840715827
58940715853
59040715823
59140715850
59240715886
59340715802
59440715839
59540715865
59640715891
59740715818
59840715844
59940715870
60040715876
60140715800
60240715829
60340715855
60440715881
60540715808
60640715834
60740715860
60840715897
60940715813
61040715893
61140715810
61240715846
61340715872
61440715807
61540715825
61640715851
61740715888
61840715804
61940715830
62040715800
62140715837
62240715863
62340715890
62440715816
62540715842
62640715879
62740715803
62840715821
62940715858
63040715828
63140715854
63240715880
63340715807
63440715833
63540715860
63640715896
63740715812
63840715849
63940715875
64040715845
64140715871
64240715806
64340715824
64440715850
64540715887
64640715803
64740715830
64840715866
64940715892
65040715862
65140715899
65240715815
65340715841
65440715878
65540715802
65640715820
65740715857
65840715883
65940715800
66040715880
66140715806
66240715832
66340715869
66440715895
66540715811
66640715848
66740715874
66840715809
66940715827
67040715805
67140715823
67240715850
67340715886
67440715802
67540715839
67640715865
67740715891
67840715818
67940715844
68040715814
68140715840
68240715877
68340715801
68440715820
68540715856
68640715882
68740715809
68840715835
68940715861
69040715831
69140715868
69240715894
69340715810
69440715847
69540715873
69640715808
69740715826
69840715852
69940715889
70040715884
70140715800
70240715837
70340715863
70440715890
70540715816
70640715842
70740715879
70840715803
70940715821
71040715800
71140715828
71240715854
71340715880
71440715807
71540715833
71640715860
71740715896
71840715812
71940715849
72040715819
72140715845
72240715871
72340715806
72440715824
72540715850
72640715887
72740715803
72840715830
72940715866
73040715836
73140715862
73240715899
73340715815
73440715841
73540715878
73640715802
73740715820
73840715857
73940715883
74040715853
74140715880
74240715806
74340715832
74440715869
74540715895
74640715811
74740715848
74840715874
74940715809
75040715870
75140715805
75240715823
75340715850
75440715886
75540715802
75640715839
75740715865
75840715891
75940715818
76040715898
76140715814
76240715840
76340715877
76440715801
76540715820
76640715856
76740715882
76840715809
76940715835
77040715805
77140715831
77240715868
77340715894
77440715810
77540715847
77640715873
77740715808
77840715826
77940715852
78040715822
78140715859
78240715885
78340715801
78440715838
78540715864
78640715890
78740715817
78840715843
78940715870
79040715840
79140715876
79240715800
79340715829
79440715855
79540715881
79640715808
79740715834
79840715860
79940715897
80040715892
80140715819
80240715845
80340715871
80440715806
80540715824
80640715850
80740715887
80840715803
80940715830
81040715800
81140715836
81240715862
81340715899
81440715815
81540715841
81640715878
81740715802
81840715820
81940715857
82040715827
82140715853
82240715880
82340715806
82440715832
82540715869
82640715895
82740715811
82840715848
82940715874
83040715844
83140715870
83240715805
83340715823
83440715850
83540715886
83640715802
83740715839
83840715865
83940715891
84040715861
84140715898
84240715814
84340715840
84440715877
84540715801
84640715820
84740715856
84840715882
84940715809
85040715889
85140715805
85240715831
85340715868
85440715894
85540715810
85640715847
85740715873
85840715808
85940715826
86040715804
86140715822
86240715859
86340715885
86440715801
86540715838
86640715864
86740715890
86840715817
86940715843
87040715813
87140715840
87240715876
87340715800
87440715829
87540715855
87640715881
87740715808
87840715834
87940715860
88040715830
88140715867
88240715893
88340715810
88440715846
88540715872
88640715807
88740715825
88840715851
88940715888
89040715858
89140715884
89240715800
89340715837
89440715863
89540715890
89640715816
89740715842
89840715879
89940715803
90040715809
90140715827
90240715853
90340715880
90440715806
90540715832
90640715869
90740715895
90840715811
90940715848
91040715818
91140715844
91240715870
91340715805
91440715823
91540715850
91640715886
91740715802
91840715839
91940715865
92040715835
92140715861
92240715898
92340715814
92440715840
92540715877
92640715801
92740715820
92840715856
92940715882
93040715852
93140715889
93240715805
93340715831
93440715868
93540715894
93640715810
93740715847
93840715873
93940715808
94040715870
94140715804
94240715822
94340715859
94440715885
94540715801
94640715838
94740715864
94840715890
94940715817
95040715897
95140715813
95240715840
95340715876
95440715800
95540715829
95640715855
95740715881
95840715808
95940715834
96040715804
96140715830
96240715867
96340715893
96440715810
96540715846
96640715872
96740715807
96840715825
96940715851
97040715821
97140715858
97240715884
97340715800
97440715837
97540715863
97640715890
97740715816
97840715842
97940715879
98040715849
98140715875
98240715800
98340715828
98440715854
98540715880
98640715807
98740715833
98840715860
98940715896
99040715866
99140715892
99240715819
99340715845
99440715871
99540715806
99640715824
99740715850
99840715887